Id=9501777810371461562
LightComponent=17540862358521397715
Name=Light Object
Transform=0,0,0;0.242536,0,-0,0.970143;1,1,1;
